S0 = 5
T = 1
M = 20